0.9261066071941214
0.873239249468884
0.8999342313771489
0.9247447312787223
0.9453544531385869
0.9589244944670637
0.968769860681878
0.9748927661393447
0.9795009997909919
0.9827495720272925
0.9854556083822013
0.987435310903808
0.9888503331361356
0.990630736780679
0.9918331734914752
0.992692373248363
0.9933921338597795
0.9938748801607443
0.9946831479147816
0.9952611148064241
0.9954449126823081
0.9958855847266823
0.9962066774246242
0.9964303350826523
0.9967226401517094
0.9971788132140258
0.9971765987901318
0.997245246184266
0.9975663388568657
0.9976814893470629
0.9977722810730579
0.9979317202100818
0.99815980674124
0.998146520147192
0.9982240252706915
0.998436610767013
0.9983613200674073
0.9984144664435995
0.9987244869798347
0.9987687756266616
0.9987643467535314
0.9988595673526566
0.9988994271263533
0.9989104993049548
0.9988462807501611
0.9989370724761562
0.9990345075076225
0.9991452291162422
0.9990699384166366
